b' 496.971 20.000 374.194 170.000 -90.000 0.000                                                                                 '
b' 496.971 20.000 374.194 170.000 -90.000 0.000                                                                                 '
b' 496.971 20.000 374.194 170.000 -90.000 0.000                                                                                 '
b' 496.971 20.000 374.194 170.000 -90.000 0.000                                                                                 '
b' 496.971 20.000 374.194 170.000 -90.000 0.000                                                                                 '
b' 496.971 20.000 374.194 170.000 -90.000 0.000                                                                                 '
b' 496.971 20.000 374.194 170.000 -90.000 0.000                                                                                 '
b' 496.971 20.000 374.194 170.000 -90.000 0.000                                                                                 '
b' 496.971 20.000 374.194 170.000 -90.000 0.000                                                                                 '
b' 496.971 20.000 374.194 170.000 -90.000 0.000                                                                                 '
b''
